306.39
34.63
307.33
38.16
313.06
30.37
310.27
79.44
71.03
180.83
49.52
20.17
111.54
285.42
122.41
292.21
286.41
210.72
281.49
270.46
232.42
21.25
67.52
104.51
294.4
79.42
70.98
137.8
59.53
272.99
187.98
207.9
202.76
63.31
122.88
132.6
225.17
25.93
270.77
215.05
24.59
76.36
134.64
220.63
14.04
24.66
298.16
60.39
223.39
174.95
272.57
246.75
49.33
279.21
239.93
241.47
287.58
192.18
18.02
290.61
17.83
137.39
160.75
58.94
287.8
227.55
190.73
282.47
301.54
294.41
174.49
218.38
21.07
303.98
131.34
264.34
31.44
230.15
215.14
101.06
137.74
129.18
129.96
34.69
223.79
290.29
60.47
158.48
59.06
174.88
72.82
168.82
261.13
54.86
198.25
224.98
246.05
87.12
230.3
206.53
854.34
1490.4
920.01
1515.62
1235.34
735.21
1312.42
1409.21
869.67
1284.74
831.73
1509.94
1376.05
1449.31
1309.77
1431.46
854.1
823.74
1188.21
846.83
1596.88
1517.86
958.61
1109.98
862.86
1557.82
792.44
864.47
723.77
814.72
1397.12
1033.99
1084.99
876.83
1288.7
743.3
1074.84
1320.08
1409.92
958.19
842.69
1057.24
1156.39
780.14
1092.74
1315.54
1632.85
1518.72
916.12
1376.06
892.76
1490.13
1091.66
1388.97
1248.46
997.66
1137.1
1151.59
771.63
821.47
1247.48
618.56
1153.0
969.76
1404.53
1307.5
765.12
797.22
1461.31
454.78
705.32
977.71
919.4
1118.82
1213.58
1317.4
1482.02
841.22
702.63
866.89
1432.13
1199.96
1027.0
1483.85
1027.24
1001.96
891.13
919.93
954.05
1389.67
1541.04
1228.13
1020.19
676.96
599.79
1163.93
1066.39
623.87
642.07
965.82
1878.41
1768.92
1735.91
1140.73
1659.62
2000.0
1243.61
982.03
1186.61
1763.96
1661.26
1421.7
1550.55
1215.17
1705.17
1780.88
1474.85
1276.26
1799.02
1642.18
1018.69
1477.77
2000.0
1633.38
1831.1
1358.54
1454.6
1846.01
1190.88
1628.88
631.06
1636.03
1155.78
1422.05
1087.51
1744.11
1127.74
1789.55
1695.58
1625.88
1264.72
1611.31
781.48
1697.57
2000.0
1867.19
1878.41
1898.54
1747.72
1881.97
1426.07
1219.43
1888.21
1801.27
2000.0
1205.78
1616.66
939.51
1621.15
1349.08
1371.13
2000.0
1974.9
1334.22
1534.56
2000.0
1804.83
1426.86
1555.36
2000.0
1704.13
1957.29
1602.77
1166.03
893.32
1050.32
2000.0
1485.99
1611.55
972.25
1878.41
1286.85
1617.23
2000.0
1625.63
1880.66
1801.82
1201.85
1706.4
1207.4
1934.99
1770.68
1878.41
2000.0
1107.11
1539.06
1140.39
2000.0
1739.89
2000.0
1441.45
954.93
1166.17
883.67
1056.79
829.79
822.15
1238.81
1308.93
1504.04
954.3
1059.42
1130.69
1016.21
958.1
786.97
1025.94
632.53
940.53
869.25
1424.0
846.43
779.71
1342.19
1424.74
963.27
1189.61
1526.63
912.54
1056.47
550.54
715.37
766.94
1809.81
1255.01
875.68
748.7
667.12
974.71
1063.45
661.68
839.45
1223.74
1417.3
857.03
1018.14
1209.15
657.65
862.64
1103.35
1706.42
1052.48
763.05
1099.04
670.76
657.24
1143.91
1354.47
632.37
615.14
718.75
919.26
1556.63
1311.49
603.52
1556.93
1295.47
670.93
785.17
981.59
1076.66
887.02
1362.4
1248.15
1287.3
1159.96
1150.22
660.42
731.75
1324.15
839.39
1008.91
1148.6
449.28
1186.25
898.63
1800.76
331.15
893.75
1292.4
753.96
987.16
598.04
1080.54
1687.33
1100.42
1324.54
872.15
1108.37
1559.41
1147.1
663.14
1032.68
1286.72
872.72
663.14
1024.82
1008.97
398.44
1294.36
764.13
1050.23
775.3
896.09
841.11
725.54
1406.81
532.77
1481.83
471.43
1127.92
647.72
841.98
801.13
887.87
936.62
1356.11
903.33
480.97
1478.56
522.03
707.93
1127.08
1022.33
761.01
1615.06
835.66
902.53
627.63
975.09
1035.94
975.27
614.95
643.23
669.46
1246.97
544.65
1001.49
1333.03
606.27
257.9
348.44
426.56
671.78
994.4
665.21
897.45
756.23
510.37
665.78
918.24
865.42
798.13
739.22
998.3
560.96
966.0
984.58
1041.74
383.9
810.01
802.73
1096.33
854.97
818.59
761.71
964.59
932.18
807.97
489.03
641.52
753.45
353.25
411.97
715.13
788.99
987.34
925.26
824.55
981.51
532.51
535.8
530.16
781.11
491.72
388.79
945.48
763.58
736.0
785.75
913.15
897.32
694.55
307.77
919.62
304.7
743.32
624.95
888.46
595.51
806.45
777.53
655.65
490.22
347.84
856.42
864.25
1187.0
837.21
523.59
1046.21
677.46
1159.83
490.34
610.03
492.41
643.84
696.3
810.62
444.19
664.01
934.65
719.24
749.62
295.84
700.73
949.61
404.79
1072.24
625.85
742.21
871.35
725.52
187.33
519.14
478.04
1116.11
1113.6
483.91
725.12
1358.38
1081.03
1207.92
1389.22
1108.86
587.65
708.95
801.94
1105.23
1266.44
857.23
1301.34
1007.54
691.33
1316.99
690.36
814.91
711.91
999.94
1330.03
741.82
691.97
968.3
1495.35
1174.91
691.73
1454.9
700.82
1254.69
709.69
630.26
1082.58
728.37
720.79
820.87
1402.78
1320.14
1044.31
1015.48
1250.9
1351.62
1003.56
1144.19
1578.53
767.04
1299.66
1311.89
1230.13
901.15
1177.36
1404.01
879.92
1592.28
1272.43
690.4
1293.27
948.11
667.66
861.02
1421.76
916.11
1156.49
1059.44
1515.44
1304.93
878.5
999.91
1222.11
1344.56
788.89
1503.72
546.06
1263.68
606.78
923.85
1207.31
1330.01
853.01
1475.89
952.66
912.87
853.37
750.74
1345.21
961.23
687.22
1417.85
1289.81
718.97
1445.95
585.89
1089.0
866.62
1060.51
1085.64
1051.5
772.1
1241.23
1367.45
878.95
1833.76
1813.61
1878.41
1847.32
1888.72
1878.41
1878.41
1813.61
1813.61
1813.61
1846.01
1813.61
1846.01
1813.61
1878.41
1878.41
1878.41
1878.41
1841.54
1846.01
1846.01
1805.78
1813.61
1813.61
1878.41
1924.58
1813.61
1846.01
1744.88
1813.61
1878.41
1878.41
1813.61
1813.61
1813.61
1878.41
1717.01
1878.41
1878.41
1728.01
1846.01
1878.41
1813.61
1846.01
1765.66
1878.41
1813.61
1878.41
1878.41
1846.01
1752.2
1846.01
1644.52
1813.61
1878.41
1846.01
1813.61
1846.01
1741.93
1621.99
1931.47
1813.61
1984.3
1846.01
1813.61
1846.01
1813.61
1823.58
1878.41
1723.48
1878.41
1813.61
1813.61
1813.61
1878.41
1846.01
1813.61
1813.61
1878.41
1731.76
1878.41
1802.08
1878.41
1878.41
1824.18
1841.87
1846.01
1660.05
1706.31
1813.61
1750.03
1813.61
1878.41
1835.7
1878.41
1878.41
1846.01
1813.61
1654.82
1846.01
1337.27
1230.11
826.65
2000.0
1442.83
760.55
1367.92
1489.44
633.16
1377.83
2000.0
1435.43
1846.78
2000.0
1523.76
2000.0
1945.84
1813.61
1918.86
1659.72
1510.6
2000.0
1952.42
2000.0
1567.26
1423.41
1766.78
886.66
2000.0
1630.78
1912.36
1600.64
1892.38
989.0
1414.97
2000.0
570.94
2000.0
1606.07
441.41
1878.41
1878.41
1303.56
728.76
1313.14
2000.0
2000.0
649.27
1648.15
1443.37
1547.83
1318.19
1383.23
2000.0
1434.79
1051.22
1539.62
2073.21
1530.16
2000.0
1467.9
1144.42
612.03
117.5
1271.04
1436.99
1303.15
1964.36
1357.61
842.57
1691.79
1192.47
1323.34
500.33
1721.31
1732.23
1625.41
1978.49
662.79
1592.43
1103.17
1036.98
1609.16
1787.57
592.73
1832.89
1302.52
1683.1
966.54
1897.2
2000.0
740.57
1497.54
1288.32
1370.9
1793.18
1878.41
1231.33
820.47
1121.06
1520.02
1703.36
1703.11
1852.02
1813.61
1739.92
1813.61
1872.55
1135.35
2000.0
1461.35
1097.0
889.71
1408.14
1460.98
1420.75
1699.82
1266.5
1431.38
1758.12
929.26
1652.96
1604.04
1277.39
1316.35
2000.0
978.62
1494.61
1667.11
2000.0
394.18
1341.65
1258.57
1005.54
692.29
1601.8
1110.05
1071.31
1846.01
1090.0
738.91
1550.81
789.49
2000.0
1147.78
2000.0
2000.0
1077.43
899.11
1713.82
1883.5
1581.43
2000.0
2000.0
1560.67
671.82
1649.5
688.06
1274.96
1973.38
1888.42
555.2
634.65
1457.13
1370.07
1208.56
801.45
1705.39
1593.46
2000.0
1876.68
2000.0
1076.35
2000.0
1452.15
1409.29
2000.0
2000.0
1796.01
1688.07
1064.84
2000.0
2000.0
1423.9
1656.31
1412.45
623.61
999.44
782.66
1622.17
2000.0
1923.4
1092.75
1322.4
1070.11
1501.73
1810.96
1846.01
1444.65
1982.23
1429.33
1312.3
2000.0
1467.45
1089.58
1578.68
1488.49
1715.64
1544.74
2000.0
1724.92
1698.06
1853.56
1459.71
1859.08
2000.0
1921.71
2000.0
1448.16
1146.51
1024.79
2000.0
1813.61
1878.41
1341.93
1840.96
1108.45
644.65
1531.61
1805.04
1585.38
1234.28
1411.44
1846.01
2000.0
1610.16
1890.81
2000.0
2000.0
2000.0
1839.73
1765.62
2000.0
1398.27
2000.0
1609.74
1282.59
1783.22
1861.39
1813.61
635.59
841.03
2000.0
1699.54
1799.19
2000.0
1679.33
2000.0
1729.61
2000.0
1163.6
1872.23
809.57
1661.78
1664.66
2053.72
1199.42
1458.65
889.6
2000.0
1980.1
689.1
1839.67
1866.78
612.51
1397.05
1667.63
1878.41
2000.0
1323.5
921.02
1093.87
818.94
1244.61
1387.79
882.35
1800.53
1038.52
1266.56
1822.13
1454.27
959.46
1906.38
1407.83
1147.32
1581.42
516.95
1484.11
1201.33
1813.61
698.23
1478.92
854.61
2000.0
1490.51
1431.62
1790.06
1752.39
947.84
1942.8
1715.67
1135.62
920.9
1813.61
1511.79
1145.37
1917.47
1712.96
1747.1
1664.46
1601.61
1697.77
640.97
1451.24
1454.93
1796.36
1278.8
1653.56
1879.79
1016.41
1513.95
1170.61
1788.91
1699.74
1433.87
571.22
1243.13
2000.0
1677.11
969.57
1913.28
1286.56
1149.68
1727.99
1679.86
1404.24
452.1
958.76
1800.16
1707.1
1120.33
1042.4
2000.0
1147.05
1636.0
1826.17
1783.01
1459.56
936.26
1956.88
1814.91
1765.36
1813.61
1567.88
1579.77
1591.48
1932.72
816.59
1792.84
1687.44
1484.43
1455.77
2000.0
776.58
1598.68
1308.87
1813.61
1846.01
1524.29
1732.05
1419.97
1878.41
1872.61
1109.2
773.97
1629.99
1246.86
1506.59
2000.0
2000.0
1484.37
1168.8
1093.96
1099.0
1496.94
1230.29
1846.01
1848.91
1832.65
1406.46
1653.37
1711.42
187.89
2000.0
1187.4
1606.59
1521.93
1813.61
2000.0
983.88
765.6
1258.18
860.78
1812.47
2124.15
2000.0
550.67
1406.26
1755.66
1592.53
1373.78
1490.71
1376.56
1801.07
1114.97
1815.62
1596.41
1444.78
2000.0
1881.39
508.99
1746.11
744.49
1685.3
1904.69
1887.72
913.57
1520.79
1384.52
1012.31
1672.57
755.24
1750.7
1707.35
1708.8
2000.0
1915.22
1416.4
1298.57
1128.96
1595.3
1258.38
1847.63
1352.91
667.77
1193.08
1447.44
1014.69
1936.66
1266.27
2000.0
549.39
1804.98
1441.62
1879.54
1685.98
326.2
715.78
2000.0
620.89
1153.72
1661.56
1425.23
2000.0
1212.58
1908.12
1432.68
1726.42
712.73
1737.66
1507.92
1206.15
1436.08
1651.24
1637.9
536.36
902.61
813.01
1320.45
1422.88
888.61
1278.37
891.86
1145.3
1249.81
1616.29
2000.0
2000.0
1813.61
1317.54
2000.0
1748.23
1141.94
1295.9
880.52
1131.82
1666.4
1342.01
1744.78
1913.82
1642.37
711.17
1636.6
1257.56
1725.17
1606.58
2000.0
1366.61
1771.88
914.43
1511.14
1590.05
1070.06
1631.53
1686.2
1683.73
2000.0
974.93
1272.84
1799.94
877.28
1701.88
1281.2
904.98
1834.09
1586.11
2000.0
1379.71
497.01
1042.57
1495.25
1919.68
1945.33
2000.0
1457.36
1506.7
1685.24
1829.64
1331.33
1383.68
2000.0
1185.18
1584.41
1413.39
1546.94
2000.0
2000.0
1925.8
1367.48
1015.04
877.43
1439.14
1856.41
893.24
1974.84
1595.51
926.81
1516.29
1846.01
1566.84
1214.29
940.94
1560.34
1205.91
646.74
1290.51
768.7
1433.93
1067.34
1564.67
1517.15
1086.06
1458.52
1371.85
1115.19
1346.58
1748.02
784.79
1568.21
1136.92
559.95
1268.52
985.79
1304.02
1110.61
1702.83
1418.83
1414.81
1178.35
1664.1
1064.63
1441.32
1237.59
1714.97
2000.0
2000.0
1664.1
1171.9
616.47
2000.0
1329.79
1314.91
1072.24
1693.73
1846.01
1383.38
1601.61
1613.06
1143.14
2000.0
1924.06
2000.0
1219.41
1441.88
1668.64
1711.52
1537.13
719.28
1813.61
1632.47
1896.54
1159.91
861.11
2000.0
1800.56
1092.74
2000.0
1601.79
1669.59
603.91
1326.35
2000.0
1459.83
1640.32
1948.69
1497.63
1446.95
1828.82
1464.66
1468.46
1495.26
1587.62
1606.44
2000.0
886.07
777.56
1859.79
1448.67
1434.37
433.17
1281.0
847.11
1031.27
2000.0
1015.65
1685.98
1653.44
1846.01
1366.81
2000.0
1490.63
1082.41
1606.22
1957.17
1722.41
1629.57
1491.45
1333.6
776.49
1609.25
1790.38
1147.72
1415.75
1558.85
1692.82
1546.85
1792.28
1455.63
1507.41
2000.0
1051.71
2000.0
1446.75
1891.28
898.22
1846.01
1526.57
2000.0
1202.03
1171.3
2000.0
1943.99
1442.22
952.66
1323.1
1878.41
1704.36
1811.32
1484.43
498.34
1737.48
1122.04
1395.73
1447.77
2000.0
1333.92
1481.24
2000.0
1138.56
774.83
1454.39
1358.94
1387.29
1402.96
1191.34
961.03
1429.9
1350.46
1255.11
1559.73
2000.0
1556.51
1171.14
1024.42
1633.73
2000.0
1703.74
1290.12
1632.33
694.23
1697.4
854.98
638.1
1130.05
1833.36
1700.96
1846.01
1414.99
1779.58
748.34
1691.79
1841.17
916.44
2000.0
1414.37
1936.1
700.79
701.47
1651.31
1194.93
2000.0
1198.28
2000.0
1662.29
1378.46
1637.46
1160.62
1025.38
2000.0
1662.28
535.38
1025.26
814.28
984.22
1007.93
1289.15
1421.41
1486.58
1813.61
774.49
932.78
661.84
1486.77
1061.49
1564.39
1062.41
2000.0
1574.91
136.02
1740.24
1374.06
663.76
1301.39
1232.42
1051.14
2000.0
1858.6
1874.23
941.28
481.79
1443.69
1146.9
1656.85
1551.9
1326.55
1820.09
376.48
539.69
1772.29
1785.0
699.32
731.94
977.71
1488.23
1497.79
1310.58
1721.83
299.39
1772.46
800.99
1462.37
1630.82
2000.0
1720.06
1443.02
2000.0
1347.64
2000.0
1246.45
1548.8
779.1
1463.89
1494.6
886.84
1707.89
1753.94
1638.22
1641.42
1645.25
1726.45
1417.91
1019.75
1303.52
1152.01
854.19
1864.61
1626.03
1490.97
1482.44
2000.0
1895.29
1991.9
433.91
1167.44
1266.12
2000.0
1502.65
1002.77
1571.43
976.57
2000.0
1804.58
2000.0
1908.88
1590.73
1026.92
2000.0
1813.61
599.84
1257.01
1020.3
1556.52
1502.39
1531.76
1399.05
1878.41
1426.53
2000.0
1310.49
953.92
1383.21
1701.82
854.03
1418.17
1692.54
1113.51
597.75
915.05
1311.39
953.53
1686.16
1120.76
1813.61
1903.69
666.88
1543.61
1306.31
1481.89
1290.59
1016.76
2130.84
1841.05
2000.0
2000.0
1915.11
1395.11
1472.22
1169.58
1509.81
1676.28
1947.49
1871.94
534.23
1709.43
2000.0
1914.87
1813.61
1396.21
1235.69
1138.03
864.87
2000.0
819.2
350.34
1050.86
659.38
1186.61
1066.46
1051.91
859.28
723.21
1675.2
1323.72
492.4
1282.81
1749.95
942.98
2000.0
1822.95
1342.7
1687.36
461.89
1518.1
1607.06
938.13
1199.3
1654.66
1714.46
1953.05
1371.53
1479.27
839.06
2000.0
1373.06
2000.0
920.07
1434.14
1388.04
1654.34
763.03
1348.09
478.74
1555.88
1689.68
1954.08
571.82
1846.01
710.36
1168.95
1152.98
1244.44
1777.81
1399.18
1575.96
1760.62
1004.5
478.79
1236.72
2000.0
2000.0
1151.62
1813.61
2000.0
1891.36
1042.92
1836.98
1343.44
863.15
1743.28
1274.2
1677.7
1382.19
1533.44
1934.86
1674.85
1562.59
1762.17
1721.55
1651.04
1479.35
1119.15
1831.04
1947.84
918.78
2000.0
1148.95
925.84
1628.68
1571.39
2000.0
1046.47
1089.9
1292.75
1220.57
1813.61
1339.09
2000.0
607.06
1486.81
1380.42
1493.96
1547.2
1750.87
2000.0
1528.93
1418.57
1221.89
1882.24
1813.61
562.4
1813.61
661.08
925.25
1702.9
1018.34
1518.23
448.03
1813.61
1706.75
1995.59
2000.0
1348.98
1813.61
1648.26
2000.0
1581.92
1487.24
974.06
812.1
1552.89
867.85
2000.0
1489.03
1388.68
2000.0
1509.34
1828.19
1797.95
1140.42
1852.77
1804.59
2000.0
679.8
998.08
971.15
1599.49
1733.15
1878.41
1493.2
1939.12
1950.5
1571.05
1745.64
1906.15
1690.94
1971.03
939.7
1263.44
732.71
1878.41
1687.01
1686.37
726.73
1323.72
908.91
1025.18
1366.3
1121.55
451.37
1164.11
1166.79
1689.96
1246.29
700.63
1310.12
1646.66
438.93
778.9
1460.91
1857.81
1328.66
1921.98
1787.57
1616.18
1855.78
1612.26
1918.07
1073.7
2000.0
1421.69
1270.65
740.33
1068.87
1233.65
1607.62
643.74
1431.96
1990.08
1638.3
1530.8
1570.7
994.32
1626.9
2000.0
1467.21
1310.16
1856.43
984.05
1228.92
1465.47
1645.44
1030.48
1023.56
1813.61
1840.64
1813.61
1565.32
1637.24
1813.61
1816.6
2000.0
1670.57
1771.82
1591.68
1496.76
2000.0
1209.94
1728.62
1502.38
1460.47
1888.99
1541.03
962.85
746.42
1806.72
1717.31
1084.99
914.95
1061.3
1603.58
1261.09
611.72
636.87
1485.28
1910.2
1622.93
1636.55
2000.0
2000.0
2000.0
1387.25
1416.67
1026.59
1376.65
1129.95
1842.46
658.34
1652.8
907.98
1771.62
2000.0
1135.03
1818.39
875.8
1516.92
1807.96
579.46
1331.36
1090.44
1668.38
1641.0
1611.35
642.9
1519.42
1664.11
114.73
766.37
1846.01
1723.17
725.0
1144.41
1740.8
704.94
788.85
1804.83
1761.21
1966.09
1846.01
2000.0
1187.92
1680.32
1223.39
1813.61
1846.01
1568.26
1644.83
2000.0
619.15
1805.74
1217.03
1657.66
1530.67
832.68
1408.89
1540.64
1310.06
848.84
1463.58
2000.0
1446.48
903.64
1413.84
1416.17
1622.98
1878.41
2000.0
618.67
221.22
938.41
1723.82
1789.75
1846.01
1677.87
1429.9
1989.53
1929.95
2000.0
535.77
1917.29
1846.01
1691.2
1846.01
2000.0
1290.94
2000.0
1555.93
1177.16
1384.08
986.28
1559.84
1466.83
1732.18
1152.91
1672.82
322.44
2000.0
1446.41
1204.24
585.28
884.76
2000.0
1635.66
1748.06
947.04
1878.53
1189.05
964.45
1915.7
1450.27
1047.74
694.86
926.74
1871.05
1846.01
1349.3
606.0
957.06
976.79
938.17
1848.53
1122.12
1545.83
1084.17
1702.57
1472.81
1887.98
944.86
1603.17
2000.0
1683.79
511.78
2000.0
1595.71
2000.0
1878.41
959.64
1071.7
701.27
1903.71
1713.99
856.22
1232.56
1757.38
589.66
1057.51
891.27
1749.01
1442.07
2000.0
989.01
1118.52
1243.03
1477.84
1884.19
584.48
2000.0
1292.29
1555.67
475.94
1628.47
1715.66
1922.83
1796.63
938.59
1480.48
1015.16
1851.37
1511.83
1916.97
1878.26
586.4
1099.05
940.15
996.88
1363.77
1421.38
1711.58
1494.78
1466.62
1538.54
1301.87
1432.4
1440.1
2000.0
1070.49
2000.0
1465.18
1667.93
1465.08
928.9
1314.46
2000.0
2000.0
832.47
1861.23
2000.05
1813.61
1692.31
1683.79
2000.0
1408.92
1593.14
1732.33
1767.23
942.25
1584.52
955.75
1740.22
1943.57
556.83
1848.21
1986.61
2000.0
1459.39
1333.54
807.29
1174.91
1878.41
1150.1
1861.94
1149.23
890.41
1494.25
1567.91
1382.83
2000.0
1233.38
205.02
978.07
2107.23
2000.0
1719.57
1672.58
2000.0
1531.01
1558.62
1878.41
1802.29
1246.28
1545.17
1397.91
1725.61
1125.7
1698.45
1428.0
1224.08
885.82
715.73
1780.38
1255.29
1412.24
931.52
1016.68
1658.31
1621.69
1034.9
1075.97
1835.53
895.36
2000.0
1055.38
855.3
1832.28
1031.34
1813.61
2000.0
1062.91
1938.64
2000.0
2000.0
816.66
534.68
958.77
1484.31
1876.68
539.61
2000.0
1822.74
1230.69
1553.23
918.96
638.89
1769.63
614.78
136.25
1286.76
1813.61
1751.23
1669.51
2000.0
1933.7
2000.0
1780.96
1524.34
1485.8
1886.65
743.05
1739.07
1508.15
1824.23
1358.52
1738.43
1050.75
1772.8
1649.5
1367.22
1358.7
1080.48
2000.0
1091.84
1778.74
2000.0
843.23
2000.0
125.55
2000.0
1228.78
1703.76
1941.36
866.93
2000.0
2000.0
1765.6
1759.45
648.77
1396.88
1810.77
1568.61
1257.29
2000.0
1024.5
1940.44
1674.14
1182.78
241.68
1890.18
431.88
164.22
1356.63
1040.7
2000.0
1558.22
1847.15
1847.55
1507.56
1419.19
1623.35
1154.96
912.07
2000.0
1004.3
1617.06
1234.5
1324.27
1836.82
1818.02
1687.73
725.31
1397.04
1273.56
2000.0
904.05
744.78
1173.23
979.84
1675.81
1108.12
1788.94
1484.84
1765.28
924.96
1996.03
837.41
2000.0
2000.0
1345.47
1131.34
1543.61
788.26
2000.0
1427.69
931.4
1551.15
884.37
875.72
569.71
895.19
455.54
1813.61
2000.0
1562.9
1398.43
1253.91
594.34
1563.99
1656.73
1154.86
561.73
1744.02
1458.07
564.01
1393.73
873.91
922.11
1217.05
2000.0
1052.2
544.67
1147.72
2000.0
1606.4
2000.0
2000.0
1366.4
1668.63
2000.0
1291.76
855.98
1150.5
1645.71
1427.71
1612.05
998.02
1725.54
2000.0
1813.61
914.1
1894.84
1878.41
1497.65
1697.97
1405.28
898.37
2000.0
1342.34
1115.03
1724.3
1793.96
1607.73
656.28
1539.61
882.08
898.19
235.64
1566.91
1852.08
1829.73
1303.16
1406.84
1920.14
1813.61
1636.29
1138.42
1354.8
764.57
1813.61
1937.23
1247.36
1830.71
1466.73
1795.73
1974.31
1786.36
851.53
761.7
1559.07
2000.0
1793.67
1187.05
1696.45
1057.09
1189.88
2000.0
1794.54
1846.01
1821.9
835.36
1962.81
1372.14
1638.35
1044.41
1425.37
1040.45
1029.55
1303.58
2000.0
1359.45
1502.79
1690.51
1195.54
862.48
967.21
1744.1
1846.01
1721.8
1405.87
1035.75
1350.85
711.39
2000.0
952.3
2000.0
846.43
1783.88
495.66
1480.55
1136.85
802.22
338.02
1776.27
2006.51
663.81
1268.4
2000.0
1813.61
1226.42
1938.95
1489.63
1608.95
1567.4
1274.92
2000.0
1138.37
676.38
2000.0
1813.61
1636.75
1878.41
2000.0
1409.72
1554.05
1658.92
1477.13
1203.11
1425.09
1260.41
1925.75
1308.43
2000.0
1460.58
1568.69
1878.41
1836.18
1228.34
2000.0
1041.34
1449.83
1468.96
1602.27
1878.41
702.9
1200.93
1407.8
2000.0
1846.01
1004.79
1878.41
1629.67
1624.87
1830.92
917.28
902.44
2000.0
321.82
2000.0
2000.0
2000.0
1655.88
1513.42
1527.49
1628.02
1944.39
335.27
1717.24
1268.87
1123.69
1943.05
1400.63
1181.26
1292.61
1747.0
1572.04
1614.54
1698.55
1469.04
1769.64
812.7
1365.2
1112.32
1125.68
685.8
826.5
744.7
1655.36
709.98
1778.81
965.64
1428.77
1846.01
2000.0
1626.23
2000.0
1600.23
1191.54
2000.0
2000.0
1121.6
432.28
1247.58
1763.39
1753.44
1732.71
1813.61
707.9
635.02
1749.68
840.26
1843.37
899.31
2000.0
1053.24
1832.7
1370.64
976.49
1244.92
1516.51
2000.0
1224.64
1846.01
1497.74
1374.89
1570.59
1965.78
2000.0
1920.11
1439.77
1186.22
2000.0
999.57
719.25
1605.55
1239.35
1720.37
959.5
1290.69
1303.45
1721.76
1889.48
1813.61
1421.16
1232.97
1505.48
569.69
1763.84
1585.91
2000.0
2000.0
606.19
452.62
1668.3
1979.81
1140.13
2000.0
795.82
1220.85
1246.62
772.63
2000.0
1434.05
1101.45
1992.71
1878.41
1408.98
928.17
738.99
1812.48
1489.12
2000.0
1467.66
1999.84
1652.95
909.86
1880.12
1798.39
1414.49
2000.0
375.54
1769.51
1427.23
1813.32
538.67
774.7
1878.41
2000.0
1391.77
745.72
1523.39
1949.91
1715.42
1463.09
1676.57
1737.3
1141.19
1737.25
1547.87
1547.82
1032.2
1277.57
849.04
1906.23
2000.0
1655.72
2000.0
2000.0
2000.0
1608.05
1801.58
934.96
1101.18
1447.98
645.11
1331.91
1418.42
1846.01
1028.15
1898.76
1820.31
1606.14
1770.46
1530.11
1669.73
545.96
780.95
735.88
1477.76
835.59
1813.61
1782.55
2000.0
1888.01
1170.01
1222.59
453.99
938.09
1752.35
1435.94
1648.15
822.08
880.06
1500.46
1265.33
1729.22
1121.99
814.73
1506.54
1533.86
1953.75
996.3
1384.96
533.66
719.72
1856.67
1391.87
2000.0
1643.97
1702.33
1652.92
2056.95
2000.0
1225.07
2000.0
1879.5
1578.45
991.34
1538.73
1850.88
294.35
1865.19
1861.69
1222.18
1562.07
1105.92
2023.17
1253.15
1543.33
1744.77
1518.23
857.67
2000.09
1732.52
1660.89
934.92
1080.47
2000.0
570.9
1949.37
1878.41
1072.62
1328.24
2000.0
1579.74
892.54
1813.61
1264.18
1050.32
1487.27
1727.29
1086.1
1147.03
2000.0
1600.16
1151.04
1788.29
1834.57
1739.91
990.53
1676.19
976.25
642.18
1271.39
1448.11
447.39
1518.24
290.39
1645.19
1302.7
1671.73
1878.41
1902.97
1480.37
1797.87
523.59
719.28
1419.17
2000.0
1279.74
1682.28
1926.94
1556.33
1395.36
1683.85
1299.78
1410.82
244.39
2000.0
1375.87
953.31
816.69
802.0
2000.0
1355.87
1521.28
2000.0
1846.01
1280.18
1683.63
1407.35
988.72
1878.41
1699.56
1564.93
1787.93
1497.12
2000.0
1487.72
1598.17
1090.79
971.25
1777.56
2000.0
1462.98
962.11
1878.41
1524.99
1669.12
1765.4
1630.37
1741.52
947.14
1464.49
1322.87
2000.0
1274.11
1974.83
1734.15
1712.75
2000.0
1355.1
1531.9
1540.54
1756.27
1528.63
951.3
1143.52
1781.3
1439.62
1755.87
1629.44
1227.78
1002.6
1009.73
1039.49
2000.0
1619.75
1083.52
2000.0
1452.75
2000.0
2000.0
2000.0
1586.98
1729.17
1644.8
1111.82
416.21
1866.58
2000.0
1955.57
1484.97
2000.0
1906.57
1924.77
1223.03
1047.43
985.02
1564.47
1360.95
1722.6
1041.05
1466.47
1693.14
746.75
2000.0
1355.99
2000.0
2000.0
1071.57
696.57
1770.85
1758.55
1864.72
1807.77
1063.47
2000.0
1975.17
2000.0
1304.06
1720.54
2000.0
317.74
742.94
1316.53
951.32
1597.66
1179.36
1878.41
974.67
1231.67
1287.27
1273.0
1670.26
2000.0
1431.22
1193.08
1781.28
1806.89
1570.55
1011.59
2000.0
1575.26
1505.44
1242.16
1476.07
1799.62
1246.97
1297.84
499.25
959.74
1618.29
896.15
1576.88
1658.08
1641.23
2000.0
2000.0
1846.01
1722.01
1895.84
1505.82
2000.0
1593.71
1935.23
1937.99
2000.0
1481.01
1846.01
1756.68
1622.76
1813.61
1117.26
1155.67
2000.0
1878.41
1503.47
957.44
1650.36
2000.0
1683.25
1795.34
1639.85
2000.0
843.63
1779.28
589.92
1143.21
1541.92
778.81
1457.99
1688.77
1846.01
1880.05
1869.84
1047.99
994.94
1401.21
2000.0
1846.01
1641.17
1874.67
1292.39
987.89
1716.07
1338.34
1632.3
1083.14
1704.94
1900.92
1906.71
2000.0
1572.7
852.8
2000.0
1199.28
1759.71
1214.7
1656.2
1199.56
933.56
1260.32
1667.99
1423.36
1729.32
1021.12
1776.26
1785.35
1755.73
2000.0
1892.5
395.14
1140.54
930.73
1429.6
2000.0
906.11
1748.4
1979.73
1103.16
1127.82
2000.0
1878.41
1617.23
1641.13
508.71
855.75
1255.05
1663.87
1734.78
1778.85
1850.43
1635.58
1342.25
1584.42
717.67
1705.4
2081.94
2000.0
2000.0
1777.44
1347.03
1004.2
1022.58
1770.77
796.24
1341.36
1627.85
1812.15
950.24
1841.99
2000.0
1001.92
1740.38
888.66
1067.06
1706.11
1226.99
1839.58
2041.8
1708.43
1011.14
1398.97
1004.7
1311.0
1722.15
1292.02
1617.84
1437.87
1068.77
958.51
1625.26
831.04
1944.71
1200.07
1185.83
1750.89
1472.76
757.07
1121.45
1425.34
937.96
672.94
776.48
370.08
1214.71
1877.18
747.63
1585.44
1757.08
1676.25
1791.69
1959.76
2000.0
832.41
1378.61
2000.0
1612.98
1796.11
1564.31
1451.01
2000.0
1342.3
1228.57
1171.74
1648.81
1705.19
1793.57
1259.73
1835.86
848.29
903.8
1124.07
1742.5
1092.28
1080.4
1003.12
930.43
1484.38
990.37
965.91
372.52
1449.11
1052.81
762.81
2000.0
705.78
2000.0
1290.17
1648.86
1874.52
1446.36
912.42
2000.0
1605.67
1814.93
587.84
1119.37
1059.13
1750.25
460.78
1412.63
1741.06
1562.45
2000.0
1244.67
1067.85
1671.97
1719.98
2000.0
1813.61
1470.51
1733.18
1685.06
791.76
1612.94
807.55
1994.53
808.47
185.72
669.35
1511.18
1688.71
1813.61
1027.7
1456.17
1411.96
734.09
1170.94
1669.24
1627.95
1806.2
2000.0
540.24
1611.96
849.61
1878.41
1053.84
1424.62
1038.63
2000.0
1319.22
1341.45
2000.0
1728.85
1108.18
1878.41
1756.96
1628.92
2000.0
1794.13
1061.79
1538.83
1332.57
1656.23
1132.92
1720.33
1215.06
1640.99
1621.77
1914.02
2000.0
2000.0
2000.0
820.14
1505.26
1766.33
1487.87
472.77
886.53
1142.42
2000.0
1257.32
1547.53
2000.0
892.28
1738.74
1691.44
1834.44
416.19
976.95
1658.12
1879.69
749.25
956.96
2000.0
1758.61
1813.61
1925.98
1259.53
465.05
2000.0
1487.53
1184.04
2000.0
1407.13
1992.05
1161.68
1846.01
1737.88
1937.28
1698.3
748.2
1665.64
1397.48
1863.75
2000.0
1430.75
1700.6
1539.58
1790.69
903.35
827.82
1242.97
1449.63
1878.41
1054.54
2000.0
1420.69
1338.73
1389.96
1510.96
1382.84
960.75
2000.0
2000.0
1238.27
826.31
1098.12
1358.52
2000.0
763.21
1861.49
1485.57
2000.0
1446.45
2000.0
854.22
1751.14
1237.2
1246.15
1396.53
970.94
962.72
1682.37
1117.81
1908.91
1553.48
1546.05
1772.37
1565.96
1278.21
1459.61
2000.0
1627.2
1528.28
1147.38
1186.49
2000.0
1597.79
1726.28
662.91
1395.02
1857.82
1611.85
2025.42
2000.0
880.67
1565.25
1703.56
1764.93
898.02
1846.01
646.99
1561.13
1661.7
1659.43
1363.54
678.05
1147.61
1865.92
839.66
1522.43
1722.6
1676.09
2066.83
1230.47
2000.0
1622.29
1709.21
1721.61
404.92
1268.69
1185.27
1928.53
1802.39
626.74
1472.41
1261.66
1733.66
2000.0
1276.59
1997.35
1878.41
1176.58
1429.66
2000.0
1623.04
1568.0
1360.29
1126.91
2000.0
1430.95
1427.81
1373.5
1830.31
1140.26
896.34
1465.93
1878.41
1022.69
1248.67
1779.57
1587.31
1289.2
783.55
784.89
1696.14
1668.82
1323.82
1307.33
2000.0
1731.53
1881.38
541.13
1767.76
905.86
1214.4
1460.89
841.15
670.58
1327.65
763.47
2000.0
1545.34
1624.15
1978.63
1503.47
1595.31
1561.13
1631.68
1457.21
1507.91
1243.16
1799.35
875.84
692.99
884.04
576.76
2000.0
1661.5
1088.64
1311.14
362.1
1027.27
1500.2
1287.19
1300.34
2000.0
1214.38
1274.28
1643.6
1894.72
1851.85
1468.54
1742.12
1227.78
1951.27
1912.69
1605.72
1767.49
1706.55
571.43
1507.72
1102.49
1106.18
2000.0
1963.92
2000.0
1266.95
1884.03
979.4
868.9
1852.36
1312.6
1602.68
592.16
1127.58
1787.01
1017.21
1878.41
1663.64
1980.97
240.24
1487.58
2000.0
2000.0
709.12
1381.6
1669.09
2000.0
1768.25
2000.0
1401.38
1579.59
775.15
1555.12
929.64
692.11
1581.57
133.67
1918.38
845.32
661.1
1650.69
1549.27
2000.0
1414.59
2000.0
2000.0
756.68
2000.0
1899.89
2000.0
538.73
773.43
1394.39
1803.01
1873.46
748.65
1788.77
2000.0
1216.86
1148.91
733.69
1826.74
2000.0
2000.0
2000.0
1740.23
1410.54
652.28
973.06
2036.96
2000.0
1739.22
1813.61
900.03
1818.78
1526.88
2000.0
1475.32
1217.58
1666.3
1928.51
882.31
1958.93
1516.66
1692.62
1757.04
1323.75
1187.87
1746.28
2000.0
654.12
912.75
2000.0
1776.52
704.84
1617.49
1476.16
1618.54
1761.92
2000.0
1451.73
843.62
1760.54
1364.47
1639.04
746.33
1575.36
1080.91
1457.96
1414.63
1701.1
2000.0
1828.63
1038.04
1713.39
1778.32
1199.8
1419.54
2000.0
2000.0
1776.24
1750.48
1566.73
2000.0
1950.13
2000.0
2000.0
1182.49
1608.72
1730.35
1214.15
1970.37
1731.37
1947.64
1512.2
1755.72
1813.61
711.49
1420.65
855.18
1626.84
1815.11
1651.7
1209.38
670.47
1254.54
1566.48
1500.77
1335.81
1871.14
1813.61
1202.16
1813.61
780.86
1533.64
1015.53
1621.81
1175.85
1073.45
1505.03
1487.49
1257.46
684.12
1416.68
1396.06
1508.16
1791.33
1839.45
1299.73
1639.19
1827.93
1614.77
1560.02
1447.28
1397.0
1368.71
2000.0
891.95
1016.84
1846.01
759.31
2000.0
1623.32
1278.51
1209.81
1756.67
1224.02
2000.0
1961.52
1013.64
1675.81
991.87
804.93
1460.77
673.51
1813.61
2000.0
1477.65
1463.2
1604.99
238.7
1862.07
1205.81
1281.72
2000.0
1059.72
801.77
1838.56
991.39
1299.33
1807.5
708.78
1690.45
795.45
504.54
1519.05
1460.62
1353.93
1672.99
1605.19
1092.68
1813.61
1700.57
1771.27
1812.08
1466.47
1370.88
827.84
1968.4
2000.0
636.07
824.99
964.02
2000.0
2000.0
1200.09
2000.0
1469.02
1366.26
2000.0
1162.66
2000.0
858.57
1719.67
1570.0
815.38
1794.65
1286.25
1184.76
1959.74
1516.8
953.91
1964.34
2000.0
1775.15
1428.89
1113.54
1061.28
1241.94
1752.56
1698.76
2000.0
1746.3
1260.44
1155.02
895.47
1802.39
1441.91
1188.64
1585.59
2000.0
2000.0
786.29
1729.47
1701.08
817.82
271.44
1661.38
1303.88
1470.3
1145.62
610.25
1713.19
1674.92
1572.16
1836.36
1648.42
1381.91
1069.84
1712.1
1108.63
1229.02
1508.49
1070.07
927.32
766.24
1110.71
2000.0
2000.0
1860.53
2000.0
1074.56
1668.94
1511.01
1099.89
1147.94
1813.61
1187.83
1619.85
1602.15
2000.0
1516.2
1675.89
1444.64
1878.41
954.13
816.57
1549.22
1628.62
1085.16
1114.63
1247.03
1274.39
1541.62
1384.62
1374.38
1961.11
1612.45
1562.52
169.47
404.13
1846.01
1878.41
877.08
2000.0
914.6
1142.66
670.41
2000.0
1196.06
2000.0
906.7
1707.51
1339.5
732.9
2000.0
1288.31
630.58
1279.45
1702.88
1717.14
1286.23
2000.0
1408.86
604.0
1815.56
2000.0
1365.45
1813.61
1366.44
2000.0
1151.97
1878.41
859.3
1352.06
802.49
1343.01
1600.34
1296.36
1272.7
1632.8
673.07
868.01
1467.6
1301.73
1846.01
2000.0
1773.82
934.78
1398.69
1114.01
871.82
1607.75
909.22
1559.17
1561.27
1467.37
1484.29
1878.41
809.93
818.19
2000.0
1444.57
1925.22
1039.64
838.63
1846.01
1122.39
1419.11
1868.18
1714.37
1070.84
211.85
2000.0
1352.96
1846.01
1257.35
1676.24
1153.85
2000.0
1800.16
1906.05
1812.57
1817.51
761.18
2000.0
1617.8
1553.86
1884.52
2000.0
1355.13
1493.11
2000.0
1668.94
1102.19
1564.8
1434.39
830.77
933.82
1549.48
2000.0
1162.4
650.91
1813.61
811.23
1634.59
1464.3
1205.87
1616.67
1459.43
1733.09
808.05
1946.84
1257.13
1200.3
1251.38
1542.12
1622.75
1816.25
1033.99
1235.42
1004.52
1878.41
1054.12
1530.33
1323.39
2000.0
1699.93
1273.61
2000.0
1221.15
1848.73
1639.51
1259.87
1410.01
1759.24
1310.55
816.04
1845.96
1159.16
899.42
2000.0
1240.59
1789.58
1024.44
1548.72
1140.26
2000.0
1692.47
2000.0
1665.97
1764.86
1744.84
887.29
1558.09
828.45
1204.42
1147.3
1191.22
998.45
1878.41
2000.0
1715.61
1182.76
785.69
1638.75
2000.0
1815.99
636.25
1158.51
1028.63
1517.86
1363.6
1920.88
1525.73
1663.68
324.57
1401.06
1997.4
1354.24
1813.61
936.58
1930.43
1813.61
1113.32
456.22
2000.0
1056.44
1920.93
1825.37
1181.02
2000.0
1307.05
1751.88
1878.41
243.66
1427.49
356.51
1779.37
665.78
961.11
1960.01
1813.61
714.21
1378.25
1475.98
2000.0
1808.57
366.84
1627.14
1095.88
2000.0
1293.24
1878.41
1875.23
2000.0
1382.62
1878.41
1154.59
1704.51
764.75
2000.0
1380.35
844.61
1136.05
1502.1
1565.3
2000.0
135.59
1628.8
1857.0
1174.75
1074.07
739.53
1691.67
1201.39
1287.56
1403.9
1110.95
1608.71
1428.77
851.56
1646.83
1904.58
1413.6
1759.38
1324.69
1813.61
1967.76
1150.64
1221.36
813.29
1512.42
794.71
755.61
1368.94
884.29
2000.0
1469.43
1030.66
1850.78
1146.35
2000.0
1286.79
980.22
1361.24
791.56
1251.87
1336.02
1365.36
2000.0
913.62
1255.39
1379.79
1696.85
589.85
1557.07
1484.42
1051.37
1880.93
2000.0
1073.6
1199.32
1188.31
1961.93
2000.0
1333.51
1469.56
710.97
2000.0
1313.04
1813.61
1296.89
748.17
2000.0
1460.94
1672.0
1191.25
1792.77
1666.78
1431.32
1345.96
954.33
1480.62
1639.63
1520.9
1415.47
898.69
1408.02
1075.9
1356.18
1334.66
1699.56
2000.0
1605.38
1194.9
2000.0
1075.89
1769.47
1262.06
1735.28
1351.13
1079.12
1494.2
1814.41
1690.35
883.42
1167.32
2000.0
1878.41
1738.72
1537.6
2000.0
1839.12
1813.61
1466.84
1673.57
1599.55
1898.07
1303.4
1289.62
1549.84
1365.96
1280.28
562.71
1098.03
1813.61
1018.04
1774.67
2000.0
1844.95
1679.47
926.45
1712.55
2000.0
325.61
1546.62
1128.6
1518.39
1804.65
1211.82
1358.25
599.93
514.06
1042.28
1778.42
2000.0
1615.06
1839.44
1363.31
1702.76
1970.69
1813.61
956.73
1970.59
576.5
838.05
1211.38
1693.23
1080.63
1579.43
1290.97
1707.59
1657.71
1878.41
1424.17
1554.3
1912.98
1072.06
1703.99
2000.0
1632.68
911.45
1107.92
1898.58
1269.83
1345.29
683.23
999.64
1369.14
1980.62
1041.37
724.98
1052.5
1665.43
1488.43
1500.51
1054.41
2000.0
1433.21
1487.51
1671.44
1393.27
1200.91
730.84
1481.84
736.36
869.98
1801.15
2000.0
1611.29
2000.0
932.75
1458.83
1082.23
1046.28
1207.0
1236.84
1582.79
1615.1
981.61
1565.19
2000.0
1397.43
1225.56
1760.32
1706.34
2000.0
1391.62
1068.72
1183.89
1791.67
1276.26
1202.68
1760.14
1169.47
357.5
1693.34
1911.13
778.6
1095.38
1383.79
946.77
1821.63
1556.1
1155.46
1366.12
1846.01
1835.87
1791.58
1951.72
1417.62
1396.22
1611.07
1878.41
2000.0
1813.61
1813.61
1709.35
1809.72
1178.84
1573.77
1338.18
1132.51
1846.01
1352.02
1247.05
1756.66
715.52
1563.92
1116.65
1103.03
1121.41
2000.0
1631.6
1584.02
1813.61
1539.27
1593.95
971.44
1387.08
1117.52
1686.63
1988.28
1079.32
1260.67
1636.92
821.31
1314.88
915.76
1713.29
1813.61
1159.6
1219.35
660.58
1704.37
378.98
1171.15
936.15
1742.21
1577.91
1846.01
2000.0
1654.45
1878.41
890.4
1001.18
2000.0
1445.45
1301.07
1372.1
1517.78
1174.85
2000.0
1739.33
989.14
1846.01
2000.0
2000.0
1788.33
1549.82
879.91
1637.8
1186.52
1602.6
1542.8
1036.01
430.92
2000.0
1482.34
838.82
1379.84
1393.12
1143.76
1803.63
2000.0
1055.89
868.95
1487.7
1517.66
572.26
674.24
594.46
1813.61
1607.68
1518.43
2000.0
1205.8
2000.0
1494.48
1343.15
1649.34
2000.0
1674.26
1466.65
1655.93
749.08
766.01
1444.76
1636.98
1763.04
1634.36
1080.18
1868.43
2000.0
1728.79
2000.0
1794.38
2007.06
1469.71
2000.0
1922.19
1142.56
853.41
710.18
1846.01
999.94
1713.03
1841.75
1548.54
913.31
1512.12
1460.48
1484.94
701.52
1285.07
1883.71
804.0
1846.01
1157.54
1749.1
1613.92
900.62
739.79
1693.52
1428.0
1664.65
1578.8
1318.78
1834.85
1489.37
1407.72
1408.57
2000.0
1043.35
1877.92
1703.94
1807.23
595.73
725.43
2000.0
862.33
717.85
1655.6
1013.98
1786.49
1744.93
1570.41
1821.97
1715.02
1297.16
2000.0
1846.01
1346.25
1403.52
1555.51
1713.94
1116.39
1138.02
1491.4
1283.63
1169.4
1631.19
1740.32
1184.16
1687.49
1878.41
605.36
833.61
2000.0
1396.64
1333.57
1851.74
1483.96
1199.6
916.96
1732.45
1268.96
1016.05
2000.0
1302.82
2000.0
1429.27
1700.8
1063.39
1368.39
1813.61
1919.1
2000.0
1048.33
660.39
1147.33
1677.96
834.73
823.47
1878.41
1101.76
1846.01
1358.36
1892.67
2000.0
1741.79
910.09
1657.59
1840.39
961.97
945.09
722.21
1207.86
1846.76
1811.08
662.9
1543.34
1493.73
1868.97
1619.4
2000.0
2000.0
1846.01
1401.11
2000.0
1030.63
951.4
617.18
1805.42
1511.17
1063.02
1477.87
1622.17
2000.0
1735.46
2000.0
1257.71
1529.82
1422.42
1776.34
1995.06
2000.0
1261.68
830.5
1701.44
1378.85
1020.84
1535.65
1422.56
1846.01
1221.14
1147.87
1342.12
550.72
1720.22
1502.16
1738.39
1354.79
1328.02
1235.85
1451.5
1144.65
422.55
1522.65
840.76
1692.49
1038.39
2000.0
1062.28
1813.61
1964.5
2000.0
1815.33
2000.0
1254.65
1601.07
610.09
1273.54
2000.0
1008.93
1297.86
1455.18
1422.44
318.58
1422.22
1741.91
1248.03
2000.0
2000.0
444.62
1380.09
436.05
1566.35
1365.87
1645.13
1478.83
1868.41
2000.0
596.85
235.81
1128.76
1280.29
1345.4
1490.11
943.47
1972.39
837.3
1813.61
1388.11
830.9
851.16
1040.59
1777.72
1903.66
888.14
1602.26
1535.43
1200.55
679.52
778.63
1289.79
1425.42
1111.6
1399.85
850.13
1550.18
755.87
1209.69
1798.17
1535.76
1813.61
1878.41
1479.05
917.98
1897.61
751.22
1762.81
1220.26
1620.24
1602.39
1203.03
1441.46
1709.2
1620.5
1421.14
2000.0
2000.0
1911.68
788.92
1722.69
1583.87
1493.58
2000.0
1813.61
1758.73
670.94
1172.27
1474.01
1846.01
1425.91
2000.0
1743.28
824.85
1571.97
1821.1
1978.82
869.77
982.29
851.52
1406.13
2000.0
831.81
1769.54
1587.07
1520.05
435.14
1730.4
891.24
1476.04
475.76
1155.32
1177.71
1235.75
1875.64
2000.0
772.68
1912.78
936.0
535.12
1612.32
1313.03
770.94
1536.1
1916.33
1203.69
1706.01
1289.67
1054.28
1510.29
1585.26
1175.17
1395.63
1210.52
542.15
483.66
1458.39
1203.26
1182.58
1030.2
1555.57
1076.97
835.6
1766.86
843.83
1053.54
1469.11
1637.07
1582.19
935.93
1674.98
1714.02
1846.01
1269.23
2000.0
1403.64
1464.56
2000.0
1065.52
1673.36
1484.73
1847.25
1470.03
1206.38
1796.04
1194.05
1776.07
2000.0
2000.0
1813.61
1846.01
1279.4
1595.08
1688.09
1421.97
1691.47
983.65
1583.59
2000.0
1835.3
2000.0
1368.43
873.35
1428.88
1839.42
1640.74
1716.88
589.42
1438.76
677.18
1321.98
2000.0
1448.13
1845.86
975.24
662.47
1667.14
1540.07
1422.32
1732.43
1234.82
2000.0
1684.48
676.43
1129.26
1676.29
1289.55
1473.13
1874.7
1852.36
1213.4
723.57
666.21
1928.02
1052.12
1732.15
1979.63
1457.91
1474.04
1878.41
822.05
1415.61
1417.39
1277.55
1437.92
692.87
1829.95
1545.43
1513.03
461.27
1233.57
1534.54
1488.63
1166.74
2012.09
989.47
729.09
1084.13
1272.02
1785.85
1303.44
1013.6
2000.0
1813.61
1845.13
1138.25
898.44
663.97
1700.48
1556.72
1892.76
434.27
1667.57
1814.11
1725.16
1808.51
1898.99
1132.88
667.44
2000.0
1842.51
1603.23
1481.77
1167.19
1495.69
1210.82
713.84
2000.0
1233.59
1281.6
1469.63
935.62
956.84
1621.86
2000.0
1429.48
630.14
1415.24
1052.79
1695.97
1520.62
1310.1
1912.02
1483.0
1743.85
2000.0
1704.66
985.46
1509.49
2000.0
1297.73
1578.15
1685.35
1237.73
1363.46
1510.37
934.24
1579.82
826.01
1368.4
1116.48
1217.19
1688.83
954.57
1381.95
2000.0
826.99
2000.0
1041.21
1275.34
871.92
1935.45
2000.0
1451.79
1676.29
1207.91
1090.57
790.62
2000.0
1256.38
2000.0
1626.54
2000.0
1002.3
1398.77
1562.22
1897.46
1141.07
1351.2
1468.12
646.14
1918.12
1813.61
1943.09
1658.61
1839.7
1223.9
1746.19
270.55
1516.43
996.42
1197.44
757.95
2000.0
1366.28
1343.15
996.54
1846.01
1019.21
39.97
1013.1
1132.14
2000.0
2000.0
1848.21
1663.56
1968.08
1048.57
1453.88
1088.91
1316.69
1372.36
784.94
775.8
1896.73
1366.08
713.97
1342.97
2000.0
1627.16
1709.92
2000.0
1281.96
2000.0
1677.58
1547.47
1772.28
1226.78
1410.83
627.44
1111.04
446.12
1790.23
1887.38
1741.19
1708.0
1290.72
1393.52
1322.3
564.55
1772.74
1941.34
1584.7
1878.41
1663.72
1237.67
1813.61
888.49
1069.71
934.93
1746.74
1161.7
1127.47
976.68
1813.61
1767.0
1603.6
1500.92
874.85
2000.0
742.09
1157.98
1576.19
1238.41
1496.83
1454.21
1370.19
1079.0
989.46
2000.0
1630.13
1018.38
1738.02
1708.12
1706.1
589.37
1943.02
1552.1
618.14
1236.06
1471.9
157.36
1362.34
1288.52
1416.72
1888.58
1553.54
1236.52
1792.53
2000.0
499.55
1528.63
638.35
1779.71
1743.24
1135.6
2000.0
1890.08
1813.61
1628.21
1486.79
2000.0
1235.65
2000.0
1374.96
1407.13
1162.45
1878.41
455.85
846.85
987.43
983.16
1762.95
785.63
1172.64
2000.0
1489.96
1351.36
296.38
1099.73
1153.11
1104.32
875.03
838.29
1935.73
1587.57
2000.0
1557.85
1823.56
831.4
1481.39
1838.23
1519.46
1613.43
2000.0
1050.6
1508.21
1350.5
1124.11
2000.0
1789.92
1515.21
1041.95
1846.01
689.77
1244.77
785.43
1832.18
1450.4
1333.79
1355.75
1728.86
2000.0
1575.74
303.23
1705.85
2000.0
1462.29
1013.43
1545.63
1528.45
1619.44
990.09
2000.0
1800.95
1582.74
1813.61
2000.0
1620.3
1334.99
1764.95
1720.63
1324.75
433.6
1956.41
2007.49
1314.17
1408.74
1997.63
652.37
529.56
750.86
2000.0
1019.12
